image_00000 611 457 662 507
image_00001 610 464 660 508
image_00002 590 445 669 539
image_00003 605 465 657 510
image_00004 617 462 667 523
image_00005 613 459 666 505
image_00006 612 456 661 505
image_00007 608 448 664 511
image_00008 602 445 662 510
image_00009 605 441 661 510
image_00010 600 444 664 504
image_00011 593 444 667 507
image_00012 599 443 666 509
image_00013 596 437 671 510
image_00014 594 424 659 506
image_00015 595 429 661 509
image_00016 597 422 665 499
image_00017 597 416 668 514
image_00018 584 417 669 509
image_00019 583 415 668 509
image_00020 584 414 669 510
image_00021 588 420 674 523
image_00022 586 423 671 487
image_00023 579 415 673 490
image_00024 587 414 681 493
image_00025 593 427 687 495
image_00026 581 420 678 497
image_00027 579 412 692 503
image_00028 578 420 679 514
image_00029 575 416 684 510
image_00030 574 419 688 504
image_00031 570 416 695 519
image_00032 580 423 703 521
image_00033 587 422 686 518
image_00034 607 429 694 520
image_00035 627 432 688 532
image_00036 638 432 690 511
image_00037 633 433 691 520
image_00038 629 423 698 532
image_00039 633 420 698 522
image_00040 623 414 707 531
image_00041 614 418 709 528
image_00042 625 421 710 529
image_00043 625 410 726 533
image_00044 630 402 712 479
image_00045 645 412 710 476
image_00046 647 405 714 470
image_00047 647 406 713 468
image_00048 651 403 719 471
image_00049 653 408 717 461
image_00050 651 404 723 465
image_00051 652 408 721 462
image_00052 658 406 721 458
image_00053 664 406 726 460
image_00054 645 398 720 461
image_00055 663 408 718 455
image_00056 668 411 718 452
image_00057 668 411 714 454
image_00058 660 401 721 480
image_00059 666 406 723 460
image_00060 654 406 727 467
image_00061 652 401 720 467
image_00062 651 403 716 450
image_00063 644 398 722 461
